0 3109 USContiguousCounties FIPS
27077 27007        0.797178808
27077 27135        0.910152859
27077 27071         1.23747234
27077 27029          1.2853014
27077 27113         1.33430521
27077 27125         1.49560844
27077 27089         1.51627627
53019 53065        0.665979531
53019 53043         0.90183678
53019 53047          1.2248459
53019 53051         1.24484098
53019 53017         1.37834554
53019 53063         1.40115786
53019 53001          1.4892126
53065 53051        0.597244215
53065 53019        0.665979531
53065 53063        0.898246159
53065 53043        0.996363202
53065 16017         1.25962652
53065 16055         1.36574829
53065 16021         1.43342744
53047 53017        0.813545362
53047 53007          1.1095846
53047 53019          1.2248459
53047 53025         1.37469425
53047 53043          1.6427621
53047 53037         1.70844635
53047 53065         1.89035991
53051 53065        0.597244215
53051 16017        0.715404967
53051 16021        0.836619331
53051 53063        0.922169164
53051 16055         1.03746793
53051 53019         1.24484098
53051 16009         1.45748259
16021 16017        0.489336205
16021 53051        0.836619331
16021 30053          1.0859819
16021 16055         1.11934205
16021 53065         1.43342744
16021 53063         1.47722315
16021 16079         1.53557241
30053 30089        0.913370237
30053 16021          1.0859819
30053 16017           1.216699
30053 16079         1.28940417
30053 30029         1.37625619
30053 30061          1.4557098
30053 16055         1.55608012
30029 30047        0.651528572
30029 30035         1.13266125
30029 30089         1.24626957
30029 30063          1.2653728
30029 30053         1.37625619
30029 30061         1.48760059
30029 30077         1.81474434
30035 30073        0.902553345
30035 30029         1.13266125
30035 30099         1.14838414
30035 30101          1.3005942
30035 30047         1.52583799
30035 30049         1.69506629
30035 30077         1.84588864
30101 30051         0.67665638
30101 30073        0.687749658
30101 30099        0.986505603
30101 30035          1.3005942
30101 30013         1.38990481
30101 30015         1.47806073
30101 30041         1.58555809
30051 30101         0.67665638
30051 30015        0.899397127
30051 30041        0.917808804
30051 30073         1.25188132
30051 30013         1.29181519
30051 30099         1.41833361
30051 30045         1.69281163
30041 30015        0.815414678
30041 30051        0.917808804
30041 30005         1.16710589
30041 30101         1.58555809
30041 30045         1.58780011
30041 30027         1.62578897
30041 30013         1.80824793
30091 30085        0.669499432
30091 30083        0.933795328
30091 38023         1.02356491
30091 30019         1.04508238
30091 38105         1.09051527
30091 38053         1.47636559
30091 30021         1.50873337
38023 38105        0.469284661
38023 38013        0.973297824
38023 30091         1.02356491
38023 38053         1.07827081
38023 38061         1.28902577
38023 30083         1.48997387
38023 30085         1.62269409
38013 38061        0.610960401
38013 38075        0.859086598
38013 38023        0.973297824
38013 38105         1.06373212
38013 38101         1.12949115
38013 38053         1.37285155
38013 38025          1.4363582
38075 38101        0.510354624
38075 38009        0.826746724
38075 38013        0.859086598
38075 38061        0.866719247
38075 38049         1.13029527
38075 38055         1.15907498
38075 38057         1.42210724
38009 38049        0.588619327
38009 38075        0.826746724
38009 38101        0.904346896
38009 38079        0.990627273
38009 38069          1.0151378
38009 38055         1.27607397
38009 38083         1.30834435
38079 38069        0.536189054
38079 38095        0.604749779
38079 38005        0.844067406
38079 38049        0.955552273
38079 38009        0.990627273
38079 38103         1.19321437
38079 38071         1.22796175
38095 38079        0.604749779
38095 38005        0.627475527
38095 38071         0.66866267
38095 38019        0.790427348
38095 38069        0.850412011
38095 38027          1.0241873
38095 38103          1.1731546
38019 38071        0.569267744
38019 38095        0.790427348
38019 38099        0.842863423
38019 38063        0.891925414
38019 38067        0.914185407
38019 38027         1.14323721
38019 38005         1.14948417
38067 38099         0.43369125
38067 27069        0.764031908
38067 38035        0.849888432
38067 38019        0.914185407
38067 38063         1.06321008
38067 27089         1.25381274
38067 38071         1.27902201
27069 27089        0.592871044
27069 38067        0.764031908
27069 27135        0.969344954
27069 38099         1.02149839
27069 27113         1.03048922
27069 27119         1.07198298
27069 38035          1.0850165
27135 27089        0.690301934
27135 27113        0.744950403
27135 27077        0.910152859
27135 27125         0.94783458
27135 27069        0.969344954
27135 27119         1.16155789
27135 27007         1.18635123
30005 30071         1.05925665
30005 30041         1.16710589
30005 30027         1.19619422
30005 30069         1.49629409
30005 30015         1.57738754
30005 30045         1.90460871
30005 30065          2.0181611
30071 30005         1.05925665
30071 30069         1.19241595
30071 30105         1.25120476
30071 30033         1.34366778
30071 30027         1.64187044
30071 30065         1.83024354
30071 30103         2.14780496
30105 30055         1.12862828
30105 30033         1.13657275
30105 30019         1.19804347
30105 30071         1.25120476
30105 30085            1.64888
30105 30079         1.98347044
30105 30069          2.0151056
30019 30085        0.718389952
30019 30091         1.04508238
30019 30055         1.16925959
30019 30105         1.19804347
30019 30083         1.40122795
30019 30021         1.65304769
30019 30079         1.93302987
53073 53057        0.350511472
53073 53061        0.780483265
53073 53029         1.09869088
53073 53033         1.33609783
53073 53055         1.40814807
53073 53007         1.44992543
53073 53035         1.56022724
16017 16021        0.489336205
16017 16055        0.631697117
16017 53051        0.715404967
16017 53063         1.04827936
16017 16009         1.08316029
16017 16079         1.18554593
16017 30053           1.216699
38101 38075        0.510354624
38101 38055        0.650331065
38101 38061        0.815819838
38101 38049        0.902518192
38101 38009        0.904346896
38101 38057        0.961666872
38101 38065         1.12486699
27071 27061        0.751481483
27071 27007          1.1874433
27071 27077         1.23747234
27071 27021         1.40666409
27071 27137         1.46101547
27071 27057         1.60608993
27071 27001         1.68229109
53057 53073        0.350511472
53057 53061        0.430913021
53057 53029        0.909361416
53057 53033         0.98569556
53057 53007         1.26075973
53057 53035          1.2947985
53057 53055         1.36398288
38105 38023        0.469284661
38105 38053        0.610908775
38105 38013         1.06373212
38105 30091         1.09051527
38105 38061         1.13595737
38105 30083         1.21969019
38105 38025         1.30896185
38049 38009        0.588619327
38049 38069        0.661578906
38049 38083        0.720531713
38049 38101        0.902518192
38049 38055        0.927073945
38049 38079        0.955552273
38049 38075         1.13029527
27137 27075         1.02322638
27137 27017          1.0358211
27137 27061         1.16609468
27137 55031         1.30001499
27137 27001         1.37597879
27137 27071         1.46101547
27137 27115         1.50916178
53055 53029        0.646692434
53055 53031        0.953444385
53055 53009        0.980348761
53055 53035         1.00694678
53055 53045         1.18393678
53055 53053          1.2769927
53055 53057         1.36398288
30085 30091        0.669499432
30085 30083        0.684103975
30085 30019        0.718389952
30085 30055         1.01573719
30085 30021          1.0383765
30085 30079         1.47917169
30085 30109          1.5372237
38061 38013        0.610960401
38061 38101        0.815819838
38061 38075        0.866719247
38061 38025        0.884287731
38061 38057         1.03450654
38061 38105         1.13595737
38061 38053         1.14171273
27089 27113        0.437956446
27089 27125        0.551656366
27089 27119        0.584834572
27089 27069        0.592871044
27089 27135        0.690301934
27089 27107         1.03448292
27089 27087         1.16817917
38071 38019        0.569267744
38071 38027        0.577680977
38071 38063        0.634725651
38071 38095         0.66866267
38071 38005         0.67623947
38071 38031        0.825993722
38071 38039        0.942596253
38099 38067         0.43369125
38099 38035        0.520832588
38099 38063        0.650159149
38099 38019        0.842863423
38099 38091        0.912022684
38099 38071         1.00894752
38099 27069         1.02149839
27007 27029        0.594429629
27007 27077        0.797178808
27007 27057        0.866156103
27007 27087         1.08816595
27007 27113         1.10049461
27007 27125         1.16446239
27007 27135         1.18635123
38069 38079        0.536189054
38069 38005         0.63067704
38069 38049        0.661578906
38069 38103        0.729339848
38069 38083        0.769593767
38069 38095        0.850412011
38069 38009          1.0151378
53007 53037         0.74730088
53007 53017        0.938372384
53007 53061         1.09640349
53007 53047          1.1095846
53007 53033         1.23689155
53007 53057         1.26075973
53007 53025         1.33815365
30073 30099        0.388618518
30073 30101        0.687749658
30073 30035        0.902553345
30073 30049         1.11425053
30073 30051         1.25188132
30073 30013         1.27167627
30073 30077         1.53619794
53009 53031        0.440544563
53009 53027        0.911136496
53009 53055        0.980348761
53009 53045        0.992786996
53009 53035         1.31930091
53009 53029         1.36698074
53009 53053         1.38877729
38005 38103        0.563542488
38005 38027        0.582599231
38005 38095        0.627475527
38005 38069         0.63067704
38005 38071         0.67623947
38005 38031        0.781710581
38005 38079        0.844067406
30015 30041        0.815414678
30015 30045        0.850286084
30015 30051        0.899397127
30015 30013         1.07536286
30015 30027          1.3615788
30015 30059         1.36179361
30015 30101         1.47806073
53061 53057        0.430913021
53061 53033        0.560987884
53061 53073        0.780483265
53061 53029        0.876621987
53061 53035         1.07887437
53061 53007         1.09640349
53061 53053         1.29549685
53029 53035        0.546691791
53029 53055        0.646692434
53029 53053        0.865127179
53029 53061        0.876621987
53029 53057        0.909361416
53029 53033         1.01367448
53029 53045         1.01651899
30089 30061        0.542850115
30089 16079        0.823345377
30089 30053        0.913370237
30089 30047         1.04007362
30089 16035         1.12941957
30089 30029         1.24626957
30089 30063         1.36412584
27075 27031         0.94796887
27075 27137         1.02322638
27075 55007         1.13269251
27075 55031         1.28791182
27075 55003         1.56669179
27075 27017         1.60929547
27075 55129         1.76569093
38063 38039         0.46520045
38063 38071        0.634725651
38063 38099        0.650159149
38063 38091        0.657294936
38063 38035        0.738061513
38063 38027        0.742227527
38063 38031        0.834686521
38035 38099        0.520832588
38035 38091        0.538754323
38035 38097        0.549403943
38035 38063        0.738061513
38035 38067        0.849888432
38035 38039        0.912011505
38035 38017         1.00897962
27119 27125        0.316876111
27119 27107        0.450169596
27119 27113        0.466611754
27119 27089        0.584834572
27119 27087        0.738191899
27119 38097        0.826898997
27119 27027        0.887357319
27113 27125        0.202899557
27113 27089        0.437956446
27113 27119        0.466611754
27113 27135        0.744950403
27113 27087        0.771849671
27113 27029        0.815455161
27113 27107        0.850221626
53017 53025        0.581450442
53017 53047        0.813545362
53017 53007        0.938372384
53017 53037         1.16899111
53017 53043         1.27759819
53017 53001         1.35385912
53017 53019         1.37834554
38053 38105        0.610908775
38053 38007        0.718511395
38053 38025        0.865986055
38053 38033        0.920924905
38053 38023         1.07827081
38053 38061         1.14171273
38053 30109         1.14831668
53031 53009        0.440544563
53031 53045        0.552252921
53031 53027         0.61621553
53031 53035        0.934949534
53031 53055        0.953444385
53031 53053        0.959987232
53031 53029         1.11807485
30083 30021        0.623076108
30083 30085        0.684103975
30083 30109        0.878915743
30083 30091        0.933795328
30083 38033         1.11365785
30083 38053         1.16577439
30083 38105         1.21969019
30099 30073        0.388618518
30099 30049        0.729179892
30099 30101        0.986505603
30099 30013         1.03985817
30099 30035         1.14838414
30099 30077         1.19685464
30099 30051         1.41833361
30055 30079        0.891170224
30055 30021        0.977739475
30055 30085         1.01573719
30055 30105         1.12862828
30055 30019         1.16925959
30055 30083          1.2466049
30055 30033         1.25386227
16079 16035         0.71704099
16079 16009        0.778616999
16079 30089        0.823345377
16079 16055          0.8712811
16079 30061        0.913582456
16079 16057         0.97910196
16079 16017         1.18554593
53063 16055        0.706063504
53063 53075        0.731530374
53063 16009        0.849166454
53063 53065        0.898246159
53063 53051        0.922169164
53063 53043         1.01533286
53063 16017         1.04827936
30047 30063        0.631143078
30047 30029        0.651528572
30047 30061           1.033504
30047 30089         1.04007362
30047 30077          1.3941885
30047 30039         1.40308039
30047 30035         1.52583799
27029 27087        0.499249581
27029 27007        0.594429629
27029 27057        0.660362358
27029 27005        0.708321975
27029 27125        0.775212868
27029 27113        0.815455161
27029 27119         1.03685989
16055 16009        0.459455771
16055 16017        0.631697117
16055 53063        0.706063504
16055 16057        0.861267801
16055 16079          0.8712811
16055 53051         1.03746793
16055 16021         1.11934205
30033 30087         1.08063313
30033 30103         1.09926777
30033 30105         1.13657275
30033 30055         1.25386227
30033 30069         1.26103379
30033 30071         1.34366778
30033 30065         1.60213621
27125 27113        0.202899557
27125 27119        0.316876111
27125 27089        0.551656366
27125 27087        0.616554763
27125 27107        0.652761294
27125 27029        0.775212868
27125 27135         0.94783458
53025 53017        0.581450442
53025 53021        0.870162742
53025 53001        0.917000919
53025 53005        0.970200112
53025 53043         1.09702632
53025 53037         1.23046269
53025 53007         1.33815365
53043 53001        0.609457963
53043 53019         0.90183678
53043 53065        0.996363202
53043 53063         1.01533286
53043 53025         1.09702632
53043 53075          1.1216683
53043 53021         1.14541617
30049 30077        0.606255548
30049 30099        0.729179892
30049 30043         1.02202141
30049 30013          1.0597983
30049 30073         1.11425053
30049 30007         1.19430304
30049 30093         1.24776243
53035 53053        0.318458869
53035 53029        0.546691791
53035 53045        0.584670671
53035 53067          0.7195163
53035 53033        0.900149466
53035 53031        0.934949534
53035 53055         1.00694678
27061 27071        0.751481483
27061 27021        0.892842714
27061 27001         0.93104944
27061 27035         1.11924495
27061 27137         1.16609468
27061 27017         1.32792316
27061 27057         1.34651871
38083 38015        0.611726059
38083 38103         0.68325497
38083 38049        0.720531713
38083 38069        0.769593767
38083 38043        0.819436552
38083 38055        0.974520043
38083 38065         1.09124055
38103 38005        0.563542488
38103 38043        0.621971042
38103 38083         0.68325497
38103 38069        0.729339848
38103 38027         0.76934507
38103 38031        0.789674957
38103 38093        0.930682415
38055 38065        0.494122525
38055 38057        0.596839639
38055 38101        0.650331065
38055 38059        0.893517233
38055 38049        0.927073945
38055 38083        0.974520043
38055 38015         1.06093765
38027 38031        0.262540081
38027 38071        0.577680977
38027 38005        0.582599231
38027 38039        0.715318292
38027 38093        0.741430017
38027 38063        0.742227527
38027 38103         0.76934507
38025 38089        0.550664698
38025 38057        0.789453516
38025 38007        0.825455829
38025 38053        0.865986055
38025 38061        0.884287731
38025 38041        0.942486301
38025 38087         1.23795314
30027 30037        0.886435976
30027 30069        0.982773739
30027 30107         1.01714578
30027 30045         1.06701845
30027 30065         1.12818381
30027 30005         1.19619422
30027 30015          1.3615788
30021 30083        0.623076108
30021 30079        0.625919044
30021 30109         0.71781925
30021 30055        0.977739475
30021 30085          1.0383765
30021 30025         1.04967899
30021 38033          1.1050277
53033 53061        0.560987884
53033 53035        0.900149466
53033 53053        0.983841418
53033 53057         0.98569556
53033 53029         1.01367448
53033 53041          1.0971602
53033 53037         1.17386359
30013 30059         0.84635448
30013 30007        0.989892902
30013 30099         1.03985817
30013 30049          1.0597983
30013 30015         1.07536286
30013 30045         1.11321308
30013 30073         1.27167627
38039 38063         0.46520045
38039 38091        0.512923576
38039 38003        0.549771151
38039 38031        0.645900626
38039 38027        0.715318292
38039 38093        0.865658693
38039 38035        0.912011505
38091 38039        0.512923576
38091 38035        0.538754323
38091 38097        0.563842644
38091 38003        0.626482861
38091 38063        0.657294936
38091 38017        0.708941374
38091 38099        0.912022684
38097 38017        0.528793788
38097 38035        0.549403943
38097 38091        0.563842644
38097 27107        0.717607273
38097 27119        0.826898997
38097 27027        0.879538536
38097 38003         1.04838168
53045 53053        0.458362644
53045 53031        0.552252921
53045 53035        0.584670671
53045 53067        0.595325141
53045 53027        0.598157419
53045 53049        0.944236887
53045 53009        0.992786996
30063 30047        0.631143078
30063 30039        0.799045215
30063 30081        0.975330326
30063 30077         1.00240842
30063 30061          1.0780036
30063 30029          1.2653728
30063 30023         1.30274353
30069 30065        0.638380446
30069 30027        0.982773739
30069 30111         1.18056343
30069 30037         1.18157849
30069 30071         1.19241595
30069 30033         1.26103379
30069 30103         1.33339564
30077 30049        0.606255548
30077 30039        0.675749454
30077 30023        0.811137055
30077 30063         1.00240842
30077 30093         1.00324967
30077 30043         1.10804743
30077 30099         1.19685464
53037 53077        0.668153295
53037 53007         0.74730088
53037 53017         1.16899111
53037 53033         1.17386359
53037 53025         1.23046269
53037 53039         1.25454489
53037 53061         1.37311444
38031 38027        0.262540081
38031 38093        0.483526345
38031 38039        0.645900626
38031 38005        0.781710581
38031 38103        0.789674957
38031 38071        0.825993722
38031 38063        0.834686521
38057 38065        0.534462186
38057 38055        0.596839639
38057 38025        0.789453516
38057 38059        0.807027364
38057 38089        0.959532519
38057 38101        0.961666872
38057 38037        0.969675259
53027 53045        0.598157419
53027 53049        0.599297028
53027 53031         0.61621553
53027 53009        0.911136496
53027 53069        0.921883431
53027 53067        0.975372993
53027 53053         1.02560101
27107 27027        0.437520979
27107 27119        0.450169596
27107 27087        0.645029245
27107 27125        0.652761294
27107 38097        0.717607273
27107 27113        0.850221626
27107 27005        0.874629364
27087 27005        0.415205019
27087 27029        0.499249581
27087 27125        0.616554763
27087 27107        0.645029245
27087 27119        0.738191899
27087 27113        0.771849671
27087 27027        0.805247906
30061 30089        0.542850115
30061 16035         0.81029972
30061 16079        0.913582456
30061 30047           1.033504
30061 30063          1.0780036
30061 30081         1.38368827
30061 16049         1.38631043
27021 27035        0.534361864
27021 27057         0.61267334
27021 27159        0.743003128
27021 27061        0.892842714
27021 27097        0.940082122
27021 27001        0.974884776
27021 27153         1.04797174
23003 23021         1.06863485
23003 23019         1.25453666
23003 23025         1.77852467
23003 23029         1.87203169
23003 23009         1.94393059
23003 23027         2.21912972
23003 23007           2.500675
30045 30107         0.71429704
30045 30059        0.770851149
30045 30015        0.850286084
30045 30027         1.06701845
30045 30013         1.11321308
30045 30097         1.27409559
30045 30037         1.27777895
27057 27159        0.527994044
27057 27021         0.61267334
27057 27029        0.660362358
27057 27005        0.779251416
27057 27007        0.866156103
27057 27087        0.921680695
27057 27153         1.03916241
16009 16057        0.406925036
16009 16055        0.459455771
16009 16079        0.778616999
16009 53063        0.849166454
16009 16069        0.900783644
16009 53075        0.918627544
16009 16061         1.00827364
30109 38033        0.402720156
30109 30025        0.658647978
30109 30021         0.71781925
30109 38007        0.872055362
30109 30083        0.878915743
30109 38087        0.948027918
30109 38011         1.12636085
38033 30109        0.402720156
38033 38007        0.476792068
38033 38087        0.627374952
38033 30025        0.832839502
38033 38011        0.890637683
38033 38053        0.920924905
38033 30021          1.1050277
38007 38033        0.476792068
38007 38087        0.585056933
38007 38053        0.718511395
38007 38089         0.75280667
38007 38025        0.825455829
38007 30109        0.872055362
38007 38011        0.927285292
38093 38031        0.483526345
38093 38045        0.672291932
38093 38047        0.735366949
38093 38027        0.741430017
38093 38043         0.82382691
38093 38039        0.865658693
38093 38003        0.888871688
38043 38047        0.605277662
38043 38103        0.621971042
38043 38015        0.685389336
38043 38083        0.819436552
38043 38093         0.82382691
38043 38029        0.832119112
38043 38051        0.934857567
38015 38083        0.611726059
38015 38043        0.685389336
38015 38029        0.730500653
38015 38059         0.85604176
38015 38065        0.878015598
38015 38103         1.01294235
38015 38085         1.04084331
53053 53035        0.318458869
53053 53067        0.401360866
53053 53045        0.458362644
53053 53041        0.813137252
53053 53029        0.865127179
53053 53031        0.959987232
53053 53033        0.983841418
38065 38059        0.402202652
38065 38055        0.494122525
38065 38057        0.534462186
38065 38037        0.818859505
38065 38015        0.878015598
38065 38085         1.04726357
38065 38083         1.09124055
53001 53021        0.559813425
53001 53043        0.609457963
53001 53071        0.757350145
53001 53025        0.917000919
53001 53013        0.949314344
53001 53075         1.04264432
53001 53023            1.15463
53075 53023        0.469190503
53075 53013        0.714093084
53075 53063        0.731530374
53075 53003        0.773926528
53075 16057        0.815655918
53075 16009        0.918627544
53075 16069        0.965621755
38003 38039        0.549771151
38003 38091        0.626482861
38003 38073        0.634342442
38003 38045        0.669886646
38003 38017        0.824342733
38003 38093        0.888871688
38003 38021        0.934673659
38017 38097        0.528793788
38017 38073        0.632032922
38017 38091        0.708941374
38017 38077        0.735675119
38017 27027        0.760538535
38017 38003        0.824342733
38017 27107        0.883561085
30079 30021        0.625919044
30079 30017        0.637518949
30079 30055        0.891170224
30079 30025         1.09589803
30079 30109         1.13683304
30079 30083          1.2353197
30079 30085         1.47917169
27005 27087        0.415205019
27005 27111        0.528515412
27005 27029        0.708321975
27005 27057        0.779251416
27005 27159        0.785579617
27005 27027        0.814800017
27005 27107        0.874629364
27027 27107        0.437520979
27027 27167        0.536689654
27027 38017        0.760538535
27027 38077        0.776178932
27027 27087        0.805247906
27027 27005        0.814800017
27027 38097        0.879538536
53067 53053        0.401360866
53067 53041        0.545461762
53067 53045        0.595325141
53067 53035          0.7195163
53067 53015        0.733794202
53067 53069        0.855710248
53067 53049        0.944260423
16057 16009        0.406925036
16057 16069        0.494116611
16057 16061        0.645224768
16057 53003        0.789821826
16057 53075        0.815655918
16057 16055        0.861267801
16057 53023        0.917524583
30059 30007        0.660505569
30059 30045        0.770851149
30059 30013         0.84635448
30059 30107         1.04912812
30059 30031         1.09528231
30059 30067         1.17127045
30059 30097           1.229262
53077 53039        0.586393434
53077 53037        0.668153295
53077 41055         1.05751037
53077 41021         1.20369701
53077 53005         1.24617246
53077 53059         1.25377278
53077 41027         1.31040933
27001 27035        0.667471016
27001 27065        0.671449242
27001 27095        0.704738481
27001 27017        0.740019731
27001 27115        0.832775729
27001 27061         0.93104944
27001 27021        0.974884776
38089 38041        0.425201354
38089 38025        0.550664698
38089 38001        0.729080627
38089 38007         0.75280667
38089 38087        0.880596064
38089 38057        0.959532519
38089 38037          1.1088396
38059 38065        0.402202652
38059 38037        0.508085121
38059 38085        0.652712472
38059 38057        0.807027364
38059 38015         0.85604176
38059 38055        0.893517233
38059 46031         1.01345369
55007 55003        0.583099276
55007 55113        0.647479721
55007 55031        0.715136764
55007 55129        0.857791776
55007 55051         1.00300501
55007 55107         1.05180221
55007 27075         1.13269251
16035 16079         0.71704099
16035 30061         0.81029972
16035 16049        0.851867366
16035 16061        0.879858999
16035 16057         1.06479458
16035 30089         1.12941957
16035 16009         1.14162449
30017 30079        0.637518949
30017 30075        0.859743433
30017 30087         1.15798529
30017 30025         1.15859937
30017 30021         1.21478999
30017 30011         1.27291963
30017 30055         1.40964359
30087 30103        0.540583504
30087 30033         1.08063313
30087 30003         1.10866498
30087 30017         1.15798529
30087 30075         1.38278126
30087 56033         1.45103292
30087 30079         1.49185478
30039 30023        0.507998451
30039 30077        0.675749454
30039 30081        0.754984874
30039 30063        0.799045215
30039 30093        0.935754648
30039 30049         1.26791223
30039 30043          1.3679642
27159 27153         0.51956794
27159 27057        0.527994044
27159 27021        0.743003128
27159 27111        0.757667925
27159 27005        0.785579617
27159 27041        0.809138146
27159 27035        0.910140626
27035 27097        0.508452956
27035 27021        0.534361864
27035 27001        0.667471016
27035 27095        0.700423056
27035 27009        0.786110397
27035 27159        0.910140626
27035 27153        0.923987569
53049 53069        0.379634388
53049 41007        0.577865127
53049 53027        0.599297028
53049 41009        0.870113316
53049 53045        0.944236887
53049 53067        0.944260423
53049 53015         1.08862351
53041 53015        0.478867162
53041 53067        0.545461762
53041 53059        0.734622788
53041 53011        0.801496422
53041 53053        0.813137252
53041 41009        0.939557539
53041 41051         1.03221477
30007 30043        0.625215334
30007 30059        0.660505569
30007 30031        0.857229192
30007 30013        0.989892902
30007 30057         1.11472474
30007 30049         1.19430304
30007 30093         1.22866956
27017 27115        0.474054601
27017 27001        0.740019731
27017 55031        0.777290861
27017 55013        0.791030287
27017 27065        0.893911395
27017 27137          1.0358211
27017 27025         1.11146079
30037 30107        0.679888218
30037 30095        0.743751681
30037 30065        0.785618072
30037 30027        0.886435976
30037 30097        0.952909361
30037 30111         1.00741448
30037 30009         1.16702924
55031 55129        0.544991963
55031 55007        0.715136764
55031 55013        0.724773893
55031 27017        0.777290861
55031 27115        0.879889839
55031 55113         0.94599212
55031 55005         1.00737357
30065 30111        0.573427665
30065 30069        0.638380446
30065 30037        0.785618072
30065 30027         1.12818381
30065 30103         1.16243266
30065 30095         1.29156078
30065 30003         1.40829718
30107 30097        0.657980382
30107 30037        0.679888218
30107 30045         0.71429704
30107 30095        0.919728477
30107 30027         1.01714578
30107 30059         1.04912812
30107 30067         1.19324621
53021 53071        0.519874587
53021 53001        0.559813425
53021 53005        0.682012535
53021 53025        0.870162742
53021 41059        0.959147281
53021 53013         1.02025039
53021 53043         1.14541617
53005 53021        0.682012535
53005 41049        0.828347028
53005 53025        0.970200112
53005 41059         1.01131018
53005 53071         1.03531012
53005 41021         1.10979278
53005 53001         1.20701365
38037 38059        0.508085121
38037 38085        0.647016368
38037 46031        0.787529006
38037 38065        0.818859505
38037 38041        0.822971278
38037 38001        0.921600022
38037 38057        0.969675259
27111 27005        0.528515412
27111 27041        0.539792216
27111 27051        0.562251498
27111 27159        0.757667925
27111 27167        0.758473826
27111 27121        0.863648475
27111 27149         0.87189149
53023 53013        0.382286605
53023 53003        0.416267088
53023 53075        0.469190503
53023 16069        0.803430322
53023 16057        0.917524583
53023 41063        0.925481629
53023 53071        0.950229424
30025 30109        0.658647978
30025 30011        0.826486285
30025 38033        0.832839502
30025 38011        0.925733743
30025 38087        0.967914376
30025 30021         1.04967899
30025 30079         1.09589803
16049 16035        0.851867366
16049 16061         1.03509783
16049 16085         1.08163046
16049 30081         1.36741968
16049 16003         1.36962622
16049 16069         1.37307812
16049 30061         1.38631043
30081 30039        0.754984874
30081 30063        0.975330326
30081 30023         1.05522736
30081 16059           1.155921
30081 16049         1.36741968
30081 30061         1.38368827
30081 30077         1.41487445
55003 55051        0.447090369
55003 55007        0.583099276
55003 55113        0.599288029
55003 55099        0.665651876
55003 55107        0.907340116
55003 26053          1.0095722
55003 55119         1.06724048
38047 38051        0.349341291
38047 38043        0.605277662
38047 38093        0.735366949
38047 46089        0.735671368
38047 38029        0.781277248
38047 46021        0.895645055
38047 38045        0.937510919
38029 46021        0.543620424
38029 38015        0.730500653
38029 38047        0.781277248
38029 38051        0.817411004
38029 38085        0.825209894
38029 38043        0.832119112
38029 46129        0.873804372
38045 38021        0.349636776
38045 38003        0.669886646
38045 38093        0.672291932
38045 38073        0.880606319
38045 46013        0.886336797
38045 38047        0.937510919
38045 38051        0.963899525
38087 38011        0.342481943
38087 38007        0.585056933
38087 38033        0.627374952
38087 46063        0.869694894
38087 38089        0.880596064
38087 30109        0.948027918
38087 30025        0.967914376
38041 38001        0.344210782
38041 38089        0.425201354
38041 38037        0.822971278
38041 46105        0.942100729
38041 38025        0.942486301
38041 38087        0.993869131
38041 38057          1.0784443
38073 38081        0.350398402
38073 38017        0.632032922
38073 38003        0.634342442
38073 46091        0.700493864
38073 38077        0.738148383
38073 38045        0.880606319
38073 38021        0.915190504
38077 27167         0.48948854
38077 46109        0.630803699
38077 27155        0.684500611
38077 38081        0.704208914
38077 38017        0.735675119
38077 38073        0.738148383
38077 27027        0.776178932
27167 38077         0.48948854
27167 27027        0.536689654
27167 27155         0.58300755
27167 27051        0.621214248
27167 27111        0.758473826
27167 46109        0.868949665
27167 27149        0.900806942
16069 16061        0.340623108
16069 53003        0.470154711
16069 16057        0.494116611
16069 53023        0.803430322
16069 41063        0.854663451
16069 16009        0.900783644
16069 53075        0.965621755
53013 53023        0.382286605
53013 53071        0.574679392
53013 53003        0.707358329
53013 53075        0.714093084
53013 53001        0.949314344
53013 41061         1.00040582
53013 41063         1.01702959
53071 53021        0.519874587
53071 53013        0.574679392
53071 41059        0.691200729
53071 53001        0.757350145
53071 53023        0.950229424
53071 53005         1.03531012
53071 41061         1.04087086
55051 55003        0.447090369
55051 26053        0.571070894
55051 55099        0.593718416
55051 55125        0.755756319
55051 55085        0.909023365
55051 55113        0.985355723
55051 55007         1.00300501
23025 23007        0.726697181
23025 23021        0.748595171
23025 23011         1.11685217
23025 23027           1.284904
23025 23017         1.28840439
23025 23019         1.31114657
23025 23001         1.36240772
23021 23025        0.748595171
23021 23019        0.768320584
23021 23003         1.06863485
23021 23027         1.33605434
23021 23007         1.44868884
23021 23009         1.45452054
23021 23011         1.50645868
30043 30093        0.605352612
30043 30007        0.625215334
30043 30057        0.865386809
30043 30023        0.973586294
30043 30049         1.02202141
30043 30031         1.10362158
30043 30077         1.10804743
30111 30065        0.573427665
30111 30003        0.938031984
30111 30037         1.00741448
30111 30103         1.03818026
30111 30009         1.03825889
30111 30095         1.15070363
30111 30069         1.18056343
30103 30087        0.540583504
30103 30003        0.820240733
30103 30111         1.03818026
30103 30033         1.09926777
30103 30065         1.16243266
30103 30069         1.33339564
30103 56033         1.47947916
16061 16069        0.340623108
16061 16057        0.645224768
16061 53003        0.784642695
16061 16035        0.879858999
16061 41063         1.00383943
16061 16009         1.00827364
16061 16049         1.03509783
53003 53023        0.416267088
53003 16069        0.470154711
53003 41063        0.613954277
53003 53013        0.707358329
53003 53075        0.773926528
53003 16061        0.784642695
53003 16057        0.789821826
38085 46031        0.430599693
38085 38037        0.647016368
38085 38059        0.652712472
38085 38029        0.825209894
38085 46041        0.966511895
38085 38015         1.04084331
38085 38065         1.04726357
27115 55013        0.453425083
27115 27017        0.474054601
27115 27065        0.582757345
27115 27025        0.639839775
27115 55095        0.719931012
27115 27059        0.790255113
27115 27001        0.832775729
23019 23009        0.740913453
23019 23021        0.768320584
23019 23027         1.02648006
23019 23029         1.07281468
23019 23003         1.25453666
23019 23025         1.31114657
23019 23013         1.36286888
53059 41027        0.569105105
53059 53011        0.617027672
53059 41051        0.691765163
53059 53041        0.734622788
53059 53015           0.783599
53059 41005        0.891425579
53059 53039         1.13476098
53015 53011        0.456067593
53015 53041        0.478867162
53015 41009        0.479027566
53015 41051        0.698197326
53015 53067        0.733794202
53015 53069        0.755380075
53015 41067        0.760731221
53069 53049        0.379634388
53069 41007        0.390323254
53069 41009        0.490852531
53069 53015        0.755380075
53069 41067        0.811072112
53069 53067        0.855710248
53069 41057        0.885699487
27153 27159         0.51956794
27153 27041        0.572272666
27153 27145         0.59124188
27153 27097        0.635560679
27153 27121        0.728927535
27153 27111        0.879650643
27153 27067        0.923874109
27097 27009        0.412389851
27097 27035        0.508452956
27097 27145        0.575013411
27097 27153        0.635560679
27097 27095        0.639176134
27097 27141        0.746084526
27097 27171        0.887503742
38051 38047        0.349341291
38051 46089        0.405462391
38051 46021        0.700753509
38051 46045        0.723985327
38051 38029        0.817411004
38051 46129          0.9011185
38051 38021        0.933473083
38021 38045        0.349636776
38021 46013        0.540602437
38021 46089        0.794731136
38021 38081        0.873944687
38021 38073        0.915190504
38021 38051        0.933473083
38021 38003        0.934673659
38081 46091        0.350146399
38081 38073        0.350398402
38081 38077        0.704208914
38081 46037        0.737046404
38081 46109        0.830538577
38081 38021        0.873944687
38081 46013        0.885867535
38011 38087        0.342481943
38011 46063        0.532503956
38011 38033        0.890637683
38011 30025        0.925733743
38011 38007        0.927285292
38011 38001        0.993780363
38011 38041         1.10495666
38001 38041        0.344210782
38001 46105        0.605605154
38001 38089        0.729080627
38001 38037        0.921600022
38001 38011        0.993780363
38001 38087        0.995096951
38001 46063         1.10078391
30023 30093        0.444923702
30023 30039        0.507998451
30023 30077        0.811137055
30023 30001        0.946070921
30023 30043        0.973586294
30023 30081         1.05522736
30023 30049          1.2571488
27095 27065         0.33849372
27095 27009        0.436527828
27095 27059        0.499359648
27095 27141        0.509662282
27095 27097        0.639176134
27095 27035        0.700423056
27095 27001        0.704738481
41007 53069        0.390323254
41007 41057        0.525385826
41007 41009        0.567892673
41007 53049        0.577865127
41007 41067         0.70027686
41007 41071        0.827621085
41007 53015        0.998259868
30097 30095        0.569675959
30097 30107        0.657980382
30097 30067        0.671711079
30097 30037        0.952909361
30097 30009         1.08931364
30097 30059           1.229262
30097 30031          1.2586444
30031 30067        0.645689029
